((("negMem" .
	 [1 0 0 0 0 0])
	("Dec" .
	 [1 0 0])
	("Inc" .
	 [1 0 0])
	("cSmallStep" .
	 [0 0 0 0 0 0 0 1 0 0])
	("git-gutter" .
	 [0 0 0 0 0 0 0 0 1 0])
	("require" .
	 [1 0 0 0 0 0 0])
	("exemploErroTipo1" .
	 [2 0 0 0 0 0 0 0 0 1 0 0 0 0 0 0])
	("Exp" .
	 [11 0 0])
	("exemploErroTipo2" .
	 [2 0 0 0 0 0 0 0 0 0 0 1 0 0 0 0])
	("Atrib" .
	 [4 0 0 0 0])
	("TRUE" .
	 [4 0 0 0])
	("exemploErroTipo3" .
	 [0 0 0 0 0 0 1 0 0 0 0 0 0 0 0 0])
	("While" .
	 [3 0 0 0 0])
	("Leq" .
	 [4 0 0])
	("If" .
	 [3 0])
	("Var" .
	 [8 0 0])
	("Skip" .
	 [1 0 0 0])
	("Sub" .
	 [4 0 0])
	("S" .
	 [1])
	("Som" .
	 [5 0 0])
	("BOOL" .
	 [10 0 0 0])
	("naExpressao" .
	 [1 0 0 0 0 0 0 0 0 1 0])
	("INT" .
	 [12 0 0])
	("Catch" .
	 [3 0 0 0 0])
	("VOID" .
	 [8 0 0 0])
	("Tipo'" .
	 [8 0 0 0 0])
	("check2arg" .
	 [1 0 0 0 0 0 0 0 0])
	("Arg" .
	 [1 0 0])
	("a" .
	 [1])
	("getArgs" .
	 [7 0 0 0 0 1 2])
	("e1" .
	 [2 0])
	("e2" .
	 [2 0])
	("Not" .
	 [2 0 0])
	("And" .
	 [3 0 0])
	("Or" .
	 [2 0])
	("Ig" .
	 [2 0])
	("Seq" .
	 [3 0 0])
	("e3" .
	 [2 0])
	("List" .
	 [1 0 0 0])
	("e1t" .
	 [1 0 0])
	("ex" .
	 [8 0])
	("checkTypes" .
	 [1 0 0 0 0 0 0 0 0 0])
	("testarTipos" .
	 [1 0 0 0 0 0 1 0 0 0 2])
	("testarTipos'" .
	 [1 0 0 0 0 0 0 0 0 0 0 1])
	("ats" .
	 [1 0 0])
	("erroDeTipo" .
	 [0 0 0 0 0 0 0 0 0 1])
	("te" .
	 [5 1])
	("iTipo" .
	 [1 0 0 0 0])
	("t" .
	 [1])
	("iTipo'" .
	 [2 0 0 0 0 0])
	("isError" .
	 [3 0 0 0 0 0 0])
	("getError" .
	 [2 0 0 0 0 0 0 0])
	("Mul" .
	 [1 0 0])
	("Show" .
	 [1 0 0 0])
	("Tipo" .
	 [1 0 0 0])))
